1	1	0.009090909090909	2	0.013605442176871	0.022270122211782	0.036315498342657	0.005135787028052	50	0.013659713221309	0.030880531202255	0.011949375693362	0.032590868730202	0.008506461346192	0.036033783077372	-0.0964451031572	0.0366795043354	0.0530740204733
32	2	0.018181818181818	5	0.034013605442177	0.069636389821628	0.008558516244803	0.001210356974719	50	0.067607164598721	0.071665615044535	0.067204087340111	0.072068692303146	0.066392691662935	0.072880087980322	0.0488838699139	0.0687783176419	0.0874958074515
9	3	0.027272727272727	12	0.081632653061225	0.139081764226883	0.040370080824787	0.005709191581651	50	0.129510013246075	0.148653515207691	0.127608718553947	0.150554809899819	0.12378140688782	0.154382121565946	0.0844162312589	0.121279114037	0.222229388104
43	4	0.036363636363636	24	0.163265306122449	0.203473868946367	0.028464699475171	0.004025516404666	50	0.196724885304189	0.210222852588545	0.195384293932573	0.211563443960161	0.192685679658132	0.214262058234602	0.181645784017	0.196194266169	0.317046806535
20	4	0.036363636363636	24	0.163265306122449	0.203781123327328	0.045799752546207	0.006477063120418	50	0.192921996533463	0.214640250121192	0.190764982610335	0.216797264044321	0.186422907399076	0.22113933925558	0.175501751187	0.192229228654	0.384864671717
29	5	0.045454545454546	25	0.170068027210884	0.255208683268311	0.104166780834742	0.014731407420524	50	0.230510727102457	0.279906639434164	0.225604822941484	0.284812543595138	0.215729223800574	0.294688142736047	0.209338416554	0.230399929078	0.857726841917
6	11	0.1	32	0.217687074829932	0.344222165732991	0.020992220631113	0.002968748312085	50	0.33924490771641	0.349199423749572	0.338256244903592	0.35018808656239	0.336266063826966	0.352178267639017	0.317324841593	0.336886739019	0.388739869355
34	19	0.172727272727273	34	0.231292517006803	0.452676670605217	0.012482514255132	0.001765294095212	50	0.449717064985821	0.455636276224613	0.449129180651363	0.456224160559071	0.447945767800677	0.457407573409756	0.432150431106	0.446843893427	0.471678027563
22	13	0.118181818181818	46	0.312925170068027	0.465151457462751	0.032777842287807	0.004635486910874	50	0.457379827145022	0.47292308778048	0.455836101289438	0.474466813636063	0.452728576716399	0.477574338209102	0.446526020576	0.458138098476	0.595975411758
31	12	0.109090909090909	56	0.380952380952381	0.477231992715941	0.004952749639738	0.000700424571156	50	0.476057695185361	0.478406290246521	0.475824437376383	0.478639548055499	0.475354888738176	0.479109096693706	0.460471333361	0.478067238609	0.485412291138
17	26	0.236363636363636	44	0.299319727891156	0.561317631235561	0.013422781727208	0.001898267996339	50	0.558135088086337	0.564500174384786	0.557502920324218	0.565132342146904	0.556230364806696	0.566404897664426	0.54887989767	0.559877512485	0.646722414689
8	23	0.209090909090909	56	0.380952380952381	0.595029240043844	0.015157724183036	0.002143625911436	50	0.591435341831317	0.598623138256372	0.590721464129188	0.5993370159585	0.589284426268168	0.60077405381952	0.579394149389	0.589726733294	0.652455950145
50	25	0.227272727272727	77	0.523809523809524	0.684179429961455	0.01689821414539	0.002389768362429	50	0.680172861371166	0.688185998551744	0.679377012460174	0.688981847462737	0.677774966320706	0.690583893602205	0.668796792977	0.680327772096	0.750431857513
10	24	0.218181818181818	80	0.54421768707483	0.686498776578779	0.012177925323009	0.001722218715337	50	0.683611389031536	0.689386164126023	0.683037849808806	0.689959703348753	0.681883313709157	0.691114239448402	0.674276220841	0.683365057226	0.724352135956
46	28	0.254545454545454	68	0.462585034013605	0.690152593753484	0.017149387142192	0.002425289588288	50	0.686086472015681	0.694218715491287	0.685278793703412	0.695026393803555	0.683652934945261	0.696652252561706	0.668162019158	0.685612163149	0.743365760654
39	25	0.227272727272727	82	0.557823129251701	0.694532531854009	0.010363432794588	0.001465610721085	50	0.692075360701772	0.696989703006246	0.691587277959256	0.697477785748762	0.690604765999272	0.698460297708746	0.678016668521	0.691347120319	0.725446276269
11	30	0.272727272727273	71	0.482993197278912	0.716854724925111	0.013844016180111	0.001957839543962	50	0.713572307036839	0.720137142813384	0.712920300552254	0.720789149297969	0.711607809629529	0.722101640220694	0.703381918299	0.712297041088	0.751525655943
14	29	0.263636363636364	81	0.551020408163265	0.727750258922587	0.013270201805981	0.001876689936945	50	0.724603892490892	0.730896625354282	0.723978910728614	0.73152160711656	0.722720820649371	0.732779697195802	0.714120274763	0.724938801192	0.772894624245
37	30	0.272727272727273	77	0.523809523809524	0.728851029819149	0.010715294586916	0.001515371492964	50	0.726310432193964	0.731391627444333	0.725805777947392	0.731896281690906	0.724789907502235	0.732912152136062	0.710858501194	0.723656680507	0.749491316127
23	37	0.336363636363636	70	0.476190476190476	0.730333872297231	0.014226882872743	0.002011985070893	50	0.726960676670449	0.733707067924013	0.726290638455542	0.73437710613892	0.724941849607984	0.735725894986477	0.717862766241	0.727700909497	0.798840097285
30	34	0.309090909090909	88	0.598639455782313	0.793422344158332	0.044153797214762	0.006244289885139	50	0.782953473569961	0.803891214746704	0.78087397859332	0.805970709723344	0.776687949243582	0.810156739073083	0.769521705836	0.779544599438	0.978324153425
2	41	0.372727272727273	85	0.578231292517007	0.818842223171823	0.002779555727065	0.000393088540659	50	0.818183190177259	0.819501256166387	0.818052282474267	0.819632163869378	0.817788764892844	0.819895681450802	0.813374769264	0.818994293571	0.824472492428
49	42	0.381818181818182	100	0.680272108843537	0.848345306317698	0.009604855460858	0.001358331685738	50	0.846067993941807	0.850622618693588	0.845615637634035	0.851074975001361	0.844705043089616	0.85198556954578	0.840946558251	0.845598174253	0.87780395599
25	45	0.409090909090909	92	0.625850340136054	0.854526317754531	0.009767223841919	0.001381294042398	50	0.852210507816116	0.856842127692946	0.851750504505048	0.857302131004014	0.850824516521073	0.858228118987989	0.844392034635	0.852544217325	0.895069467105
41	45	0.409090909090909	97	0.659863945578231	0.861390287992717	0.005942584293289	0.000840408330311	50	0.859981300547666	0.862799275437769	0.859701424863905	0.86307915112153	0.859138034310109	0.863642541675326	0.853596331024	0.85971859429	0.878120371066
12	45	0.409090909090909	101	0.687074829931973	0.866299076490738	0.006754436042339	0.000955221505726	50	0.864697598899111	0.867900554082365	0.864379487735267	0.868218665246208	0.863739129050449	0.868859023931026	0.856091718617	0.864779078861	0.885835943654
44	46	0.418181818181818	100	0.680272108843537	0.868548860473416	0.006086414593196	0.000860749006392	50	0.867105770847094	0.869991950099738	0.866819121241156	0.870278599705677	0.866242094762598	0.870855626184235	0.861407256092	0.867488399865	0.888621805838
7	51	0.463636363636364	84	0.571428571428571	0.868626290969642	0.00523030091266	0.000739676248598	50	0.867386185999133	0.869866395940151	0.867139856461012	0.870112725478272	0.866643994394566	0.870608587544719	0.860267227263	0.867538179873	0.88100204888
33	52	0.472727272727273	105	0.714285714285714	0.90236074579752	0.001901601875113	0.000268927116202	50	0.901909875766017	0.902811615829022	0.901820316729279	0.90290117486576	0.901640034131567	0.903081457463472	0.897024665166	0.902864948772	0.905346814778
42	59	0.536363636363636	103	0.700680272108844	0.926595054562282	0.003610311225321	0.000510575109924	50	0.92573904933995	0.927451059784614	0.925569015854027	0.927621093270537	0.92522673795939	0.927963371165174	0.919554504645	0.925759436115	0.936622263292
48	61	0.554545454545455	102	0.693877551020408	0.928777934833045	0.004129273260951	0.000583967424838	50	0.927798883650138	0.929756986015951	0.927604408802108	0.929951460863982	0.927212930375477	0.930342939290613	0.921683142508	0.928805649241	0.943870691803
19	61	0.554545454545455	104	0.707482993197279	0.935231498227696	0.004020954918229	0.000568648897905	50	0.934278129336774	0.936184867118617	0.934088755917471	0.93637424053792	0.933707546681495	0.936755449773896	0.928868801724	0.934488743979	0.949024437878
40	68	0.618181818181818	114	0.775510204081633	0.959200242330154	0.001938784632758	0.000274185552217	50	0.958740556262378	0.959659928397931	0.958649246043123	0.959751238617186	0.958465438309983	0.959935046350325	0.954576079695	0.959034052559	0.964151180073
47	73	0.663636363636364	119	0.80952380952381	0.972269355671721	0.001454641567366	0.000205717383296	50	0.97192445998252	0.972614251360922	0.971855951269273	0.972682760074169	0.971718043033098	0.972820668310344	0.969196017972	0.972077332708	0.977343806517
16	76	0.690909090909091	121	0.82312925170068	0.977614349600268	0.001145064984953	0.000161936643152	50	0.977342854555698	0.977885844644837	0.977288925855692	0.977939773344844	0.977180367227969	0.978048331972566	0.975224325341	0.977600784654	0.982073444475
18	80	0.727272727272727	120	0.816326530612245	0.981759227399227	0.001310563074798	0.000185341607472	50	0.981448492737806	0.982069962060647	0.981386769635774	0.98213168516268	0.981262520854426	0.982255933944027	0.978563844163	0.982166586248	0.986154421659
3	80	0.727272727272727	128	0.870748299319728	0.985772261387101	0.00049306255366	6.972957504841E-05	50	0.985655356196792	0.985889166577409	0.98563213461296	0.985912388161241	0.985585389498133	0.985959133276069	0.984090744948	0.985822847328	0.986484449615
4	64	0.581818181818182	115	0.782312925170068	0.985772261387101	0.00049306255366	6.972957504841E-05	50	0.985655356196792	0.985889166577409	0.98563213461296	0.985912388161241	0.985585389498133	0.985959133276069	0.984090744948	0.985822847328	0.986484449615
27	87	0.790909090909091	134	0.91156462585034	0.993396969567526	0.000595400427607	8.420233597647E-05	50	0.993255800055093	0.993538139079959	0.993227758702448	0.993566180432604	0.993171311379182	0.99362262775587	0.990764271506	0.993417241715	0.995292314793
26	89	0.809090909090909	133	0.904761904761905	0.994054261767464	0.000584928056423	8.272131904061E-05	50	0.993915575255489	0.99419294827944	0.993888027116217	0.994220496418712	0.993832572632886	0.994275950902043	0.991184441121	0.994151650428	0.995725126613
13	89	0.809090909090909	134	0.91156462585034	0.99448399759873	0.00056845358263	8.039147661346E-05	50	0.994349217186456	0.994618778011004	0.994322444939355	0.994645550258106	0.994268552329184	0.994699442868277	0.992268933469	0.994530838845	0.995676733319
24	92	0.836363636363636	136	0.925170068027211	0.996227225590028	0.000205853355169	2.9112060674E-05	50	0.996178417734954	0.996276033445102	0.996168722735995	0.996285728444061	0.996149206675298	0.996305244504758	0.99558447675	0.996242382855	0.997255879775
5	92	0.836363636363636	136	0.925170068027211	0.996366756731988	0.000124495605677	1.760633740047E-05	50	0.996337238809026	0.996396274654949	0.996331375485757	0.996402137978218	0.996319572599207	0.996413940864768	0.996135736378	0.996345266662	0.996644973834
15	94	0.854545454545455	137	0.931972789115646	0.997071680065978	0.000174054015162	2.461495488278E-05	50	0.997030411838214	0.997112948293742	0.997022214480953	0.997121145651003	0.997005713177286	0.997137646954671	0.996689048988	0.997072441921	0.997807124566
35	95	0.863636363636364	137	0.931972789115646	0.997216898485981	0.000396777892578	5.611286769333E-05	50	0.997122822400304	0.997310974571658	0.997104135499369	0.997329661472593	0.997066518714213	0.997367278257749	0.995166287409	0.997298055131	0.997557530933
36	103	0.936363636363636	142	0.965986394557823	0.999057114440204	8.220861433696E-05	1.162605373392E-05	50	0.999037622767935	0.999076606112473	0.99903375101938	0.999080477861028	0.99902595717844	0.999088271701968	0.998871200348	0.999075713589	0.999256930528
28	105	0.954545454545455	143	0.972789115646259	0.999212893593162	0.000230247124818	3.256186066156E-05	50	0.999158301972393	0.999267485213931	0.999147458109132	0.999278329077192	0.999125629381299	0.999300157805025	0.997903386396	0.999258353221	0.999488288169
21	103	0.936363636363636	143	0.972789115646259	0.999217250524564	4.914969104647E-05	6.95081596644E-06	50	0.999205597126952	0.999228903922176	0.999203282342221	0.999231218706908	0.99919862267392	0.999235878375209	0.999094382803	0.999213566681	0.999444301937
38	108	0.981818181818182	146	0.993197278911565	0.999593468486792	3.107525781076E-05	4.39470510502E-06	50	0.999586100539457	0.999600836434127	0.99958463699959	0.999602299973994	0.999581690889641	0.999605246083943	0.999487753907	0.999597143255	0.999649508318
45	108	0.981818181818182	146	0.993197278911565	0.999603289712806	3.560061344731E-05	5.0346870366E-06	50	0.99959484880311	0.999611730622503	0.99959317213425	0.999613407291363	0.999589796995029	0.999616782430584	0.999518980867	0.99960437926	0.999677655311
